79
197
79
197
108.4
1.040791
0.987354
50
5
50
3
2
1
1
9.5
0.24
120
0.98788837
0.98895711
0.99002585
0.99109459
0.99216333
0.99323207
0.99430081
0.99536955
0.99643829
0.99750703
0.99857577
0.99964451
1.00071325
1.00178199
1.00285073
1.00391947
1.00498821
1.00605695
1.00712569
1.00819443
1.00926317
1.01033191
1.01140065
1.01246939
1.01353813
1.01460687
1.01567561
1.01674435
1.01781309
1.01888183
1.01995057
1.02101931
1.02208805
1.02315679
1.02422553
1.02529427
1.02636301
1.02743175
1.02850049
1.02956923
1.03063797
1.03170671
1.03277545
1.03384419
1.03491293
1.03598167
1.03705041
1.03811915
1.03918789
1.04025663
-4.9
-4.7
-4.5
-4.3
-4.1
-3.9
-3.7
-3.5
-3.3
-3.1
-2.9
-2.7
-2.5
-2.3
-2.1
-1.9
-1.7
-1.5
-1.3
-1.1
-0.9
-0.7
-0.5
-0.299999999999999
-0.0999999999999993
0.1
0.3
0.5
0.700000000000001
0.900000000000001
1.1
1.3
1.5
1.7
1.9
2.1
2.3
2.5
2.7
2.9
3.1
3.3
3.5
3.7
3.9
4.1
4.3
4.5
4.7
4.9
0
0
0
0
