Count     Luminosity(mb-1)    bin Width           Pid Eff             iTPC cutoff Eff     UPC fraction        DCA                 Track Reco          Differential Cross Section (mb)
532                 13267               0.02                0.95247   0.968962            0.3                 0.9                 0.95                8.46961             
589                 13267               0.02                0.95247   0.97113             0.3                 0.9                 0.95                9.35613             
713                 13267               0.02                0.942824  0.971498            0.3                 0.9                 0.95                11.4374             
680                 13267               0.02                0.942824  0.972685            0.3                 0.9                 0.95                10.8947             
820                 13267               0.02                0.939439  0.971263            0.3                 0.9                 0.95                13.2044             
858                 13267               0.02                0.939439  0.970191            0.3                 0.9                 0.95                13.8316             
944                 13267               0.02                0.943495  0.971394            0.3                 0.9                 0.95                15.1338             
1042                13267               0.02                0.943495  0.969779            0.3                 0.9                 0.95                16.7327             
1061                13267               0.02                0.935511  0.971054            0.3                 0.9                 0.95                17.1606             
1239                13267               0.02                0.935511  0.971792            0.3                 0.9                 0.95                20.0244             
1161                13267               0.02                0.923718  0.971879            0.3                 0.9                 0.95                19.0016             
1256                13267               0.02                0.923718  0.973366            0.3                 0.9                 0.95                20.525              
1352                13267               0.02                0.932847  0.971397            0.3                 0.9                 0.95                21.9219             
1379                13267               0.02                0.932847  0.972358            0.3                 0.9                 0.95                22.3376             
1449                13267               0.02                0.918367  0.971678            0.3                 0.9                 0.95                23.8583             
1472                13267               0.02                0.918367  0.972983            0.3                 0.9                 0.95                24.2045             
1494                13267               0.02                0.917577  0.971389            0.3                 0.9                 0.95                24.6278             
1546                13267               0.02                0.917577  0.970787            0.3                 0.9                 0.95                25.5008             
1483                13267               0.02                0.898672  0.970105            0.3                 0.9                 0.95                24.9937             
1573                13267               0.02                0.898672  0.971469            0.3                 0.9                 0.95                26.4733             
1613                13267               0.02                0.904336  0.971187            0.3                 0.9                 0.95                26.9843             
1598                13267               0.02                0.904336  0.970928            0.3                 0.9                 0.95                26.7405             
1620                13267               0.02                0.908053  0.970904            0.3                 0.9                 0.95                26.9984             
1668                13267               0.02                0.908053  0.973767            0.3                 0.9                 0.95                27.7166             
1648                13267               0.02                0.903607  0.972743            0.3                 0.9                 0.95                27.548              
1701                13267               0.02                0.903607  0.972751            0.3                 0.9                 0.95                28.4337             
1615                13267               0.02                0.895091  0.971559            0.3                 0.9                 0.95                27.2864             
1612                13267               0.02                0.895091  0.971127            0.3                 0.9                 0.95                27.2478             
1658                13267               0.02                0.901084  0.970343            0.3                 0.9                 0.95                27.8614             
1617                13267               0.02                0.901084  0.971334            0.3                 0.9                 0.95                27.1448             
1697                13267               0.02                0.887934  0.971581            0.3                 0.9                 0.95                28.9023             
1678                13267               0.02                0.887934  0.975223            0.3                 0.9                 0.95                28.472              
1758                13267               0.02                0.891198  0.969831            0.3                 0.9                 0.95                29.8853             
1595                13267               0.02                0.891198  0.972226            0.3                 0.9                 0.95                27.0476             
1588                13267               0.02                0.906565  0.970514            0.3                 0.9                 0.95                26.5192             
1643                13267               0.02                0.906565  0.974332            0.3                 0.9                 0.95                27.3301             
1618                13267               0.02                0.888659  0.97399             0.3                 0.9                 0.95                27.4662             
1597                13267               0.02                0.888659  0.971542            0.3                 0.9                 0.95                27.178              
1730                13267               0.02                0.893562  0.972615            0.3                 0.9                 0.95                29.2476             
1658                13267               0.02                0.893562  0.97278             0.3                 0.9                 0.95                28.0256             
1721                13267               0.02                0.903807  0.971024            0.3                 0.9                 0.95                28.8128             
1696                13267               0.02                0.903807  0.974485            0.3                 0.9                 0.95                28.2934             
1618                13267               0.02                0.889235  0.97283             0.3                 0.9                 0.95                27.4812             
1628                13267               0.02                0.889235  0.972452            0.3                 0.9                 0.95                27.6617             
1646                13267               0.02                0.894008  0.971443            0.3                 0.9                 0.95                27.8472             
1659                13267               0.02                0.894008  0.97301             0.3                 0.9                 0.95                28.0219             
1574                13267               0.02                0.895597  0.973428            0.3                 0.9                 0.95                26.5276             
1585                13267               0.02                0.895597  0.973664            0.3                 0.9                 0.95                26.7066             
1528                13267               0.02                0.885054  0.972271            0.3                 0.9                 0.95                26.0901             
1863                13267               0.02                0.885054  0.974607            0.3                 0.9                 0.95                31.7339             
1843                13267               0.02                0.890873  0.977576            0.3                 0.9                 0.95                31.0934             
1512                13267               0.02                0.890873  0.974569            0.3                 0.9                 0.95                25.5878             
1503                13267               0.02                0.890845  0.973195            0.3                 0.9                 0.95                25.4722             
1649                13267               0.02                0.890845  0.973823            0.3                 0.9                 0.95                27.9285             
1555                13267               0.02                0.879106  0.974354            0.3                 0.9                 0.95                26.6737             
1623                13267               0.02                0.879106  0.972488            0.3                 0.9                 0.95                27.8935             
1656                13267               0.02                0.880464  0.971606            0.3                 0.9                 0.95                28.4425             
1586                13267               0.02                0.880464  0.972385            0.3                 0.9                 0.95                27.2184             
1630                13267               0.02                0.889482  0.971379            0.3                 0.9                 0.95                27.7186             
1656                13267               0.02                0.889482  0.970468            0.3                 0.9                 0.95                28.1872             
1608                13267               0.02                0.88785   0.973305            0.3                 0.9                 0.95                27.3406             
1636                13267               0.02                0.88785   0.972855            0.3                 0.9                 0.95                27.8295             
1657                13267               0.02                0.887411  0.97398             0.3                 0.9                 0.95                28.1681             
1672                13267               0.02                0.887411  0.971297            0.3                 0.9                 0.95                28.5016             
1719                13267               0.02                0.89445   0.972833            0.3                 0.9                 0.95                29.0263             
1640                13267               0.02                0.89445   0.971788            0.3                 0.9                 0.95                27.7221             
1673                13267               0.02                0.891978  0.974299            0.3                 0.9                 0.95                28.2852             
1668                13267               0.02                0.891978  0.971594            0.3                 0.9                 0.95                28.2792             
1679                13267               0.02                0.890074  0.970042            0.3                 0.9                 0.95                28.5722             
1634                13267               0.02                0.890074  0.971079            0.3                 0.9                 0.95                27.7767             
1681                13267               0.02                0.877358  0.971399            0.3                 0.9                 0.95                28.9803             
1591                13267               0.02                0.877358  0.969947            0.3                 0.9                 0.95                27.4698             
1652                13267               0.02                0.887874  0.968635            0.3                 0.9                 0.95                28.2233             
1654                13267               0.02                0.887874  0.973622            0.3                 0.9                 0.95                28.1128             
1635                13267               0.02                0.901967  0.971631            0.3                 0.9                 0.95                27.4117             
1658                13267               0.02                0.901967  0.970323            0.3                 0.9                 0.95                27.8348             
1656                13267               0.02                0.898758  0.975011            0.3                 0.9                 0.95                27.7663             
1612                13267               0.02                0.898758  0.9711              0.3                 0.9                 0.95                27.1374             
1580                13267               0.02                0.899708  0.97293             0.3                 0.9                 0.95                26.5206             
1605                13267               0.02                0.899708  0.970685            0.3                 0.9                 0.95                27.0026             
1646                13267               0.02                0.896751  0.971218            0.3                 0.9                 0.95                27.7684             
1625                13267               0.02                0.896751  0.971372            0.3                 0.9                 0.95                27.4098             
1589                13267               0.02                0.910931  0.97478             0.3                 0.9                 0.95                26.2931             
1522                13267               0.02                0.910931  0.971646            0.3                 0.9                 0.95                25.2657             
1444                13267               0.02                0.904828  0.97214             0.3                 0.9                 0.95                24.1203             
1436                13267               0.02                0.904828  0.973356            0.3                 0.9                 0.95                23.9567             
1418                13267               0.02                0.905075  0.97316             0.3                 0.9                 0.95                23.6547             
1363                13267               0.02                0.905075  0.973263            0.3                 0.9                 0.95                22.7348             
1309                13267               0.02                0.908155  0.972916            0.3                 0.9                 0.95                21.7678             
1279                13267               0.02                0.908155  0.971981            0.3                 0.9                 0.95                21.2893             
1220                13267               0.02                0.925971  0.970116            0.3                 0.9                 0.95                19.9548             
1183                13267               0.02                0.925971  0.970794            0.3                 0.9                 0.95                19.3361             
1132                13267               0.02                0.939354  0.972229            0.3                 0.9                 0.95                18.212              
1064                13267               0.02                0.939354  0.971401            0.3                 0.9                 0.95                17.1326             
930                 13267               0.02                0.934656  0.971151            0.3                 0.9                 0.95                15.0541             
957                 13267               0.02                0.934656  0.972101            0.3                 0.9                 0.95                15.476              
779                 13267               0.02                0.953678  0.970105            0.3                 0.9                 0.95                12.3716             
777                 13267               0.02                0.953678  0.968287            0.3                 0.9                 0.95                12.363              
704                 13267               0.02                0.949942  0.972528            0.3                 0.9                 0.95                11.1965             
614                 13267               0.02                0.949942  0.972417            0.3                 0.9                 0.95                9.76627             
